1621075716
1830791812
1855957248
1566546687
1488953114
876606358
1488953108
1887418322
1763684018
1780460978
1558158192
1621075759
929034479
872412238
1488953100
580904235
1237290507
1700766443
1885321194
1486855975
1593809219
1587517729
1900000896
987757855
1574935069
1814014940
1803529401
1887418293
1843374612
1799335153
1665115374
576710030
1298107021
1858054501
1304398433
1809820735
1396675802
1818209208
1700766390
752872245
1296009939
1520409971
585098544
1761586945
1778363905
1767878305
1681892288
1275038720
1654631069
1885321309
1476370427
1541379033
1507824088
1671408535
1432329556
1438621105
1419746448
1459592942
1451204205
1803527019
1715449383
1820304484
1512018491
1834984827
1048573527
1879025621
1547670548
1524601587
1308591568
1822401712
1830790447
1717546607
1855956655
1381997165
1870636871
715121318
1881126950
1704963490
1589614209
1694477498
1375705530
1786749496
1463787383
1323271831
1306494359
1834984726
1702866230
1832887669
1879025588
1132432178
1598003058
1673505777
1855956686
1346345065
1709157764
1889515712
1698671967
983560957
1497338204
1841276377
1830790521
1251967736
1832887639
1556059348
1858053838
1625270445
1463787341
1740615629
1553962219
1602197258
1786749448
1168084455
1683991588
1642047907
1746903137
356507070
1453301275
1830790555
1883224251
1879025530
1830790554
1889515542
1675602774
1367316981
1660922480
1631562160
1692380239
1142918283
1499435462
1591711299
1488949280
843053728
1044379296
1520407102
1384094427
1488949274
1572836633
1858053656
1478463670
1776263542
1556059157
947908821
1786749647
1593808463
1702866377
1482658024
511694534
1761583172
1663019999
1774166398
1532990364
1228898811
257935258
1870636984
1876928278
1065351094
1287619701
1467981747
1621076044
1696574921
1849665255
1025504710
1493143589
1291813925
1809818373
1008727236
1876928260
1879025441
807401664
1826595901
1453301370
1822401655
1377802995
1837082001
1203736398
708829899
1885321383
1419746407
1631562182
1532990373
1707060548
1692380196
1656728131
1648339649
1749000385
1858053696
1230995872
1465884253
1845470455
1797235223
574614323
1776263374
1728032746
1734323784
840956674
1566544962
1891613085
1769971803
1163889786
1285522873
713024343
1742712566
1539281556
1228898322
1832887314
1881127218
1864345131
1528795691
1847568169
1558156775
566225029
1392483268
1644144836
914358081
1639950464
1117752224
1258259386
1847568215
1834984457
1512018759
1805624004
1541378689
1465884223
1623173599
1711254686
1488949724
1746903418
1572836570
1574933688
1319077879
1805624054
1251967990
1604294390
1860151222
1335854837
1243579251
1453301744
1891613130
1839178983
1765777473
1056962432
1858053946
1480561079
1692380501
1803526899
1105168466
1574933585
1805623824
1002435117
1832887464
1900001444
1392483172
1134529027
1707060258
1683992063
1671408189
1776263293
1881127355
1881127354
1858053914
1660922709
1732226708
1883224467
1686089170
1535087312
1585420234
1822401831
706732964
1891612929
1744809536
1811915328
1841276030
589294300
1841276024
1124043573
285202740
1551865266
876609009
1577030705
1539281520
1491046671
1520407369
1356830984
880803237
1895807269
1696574657
1755291969
1883224545
1883224544
1744809503
1482658237
1830790391
1463787220
1868539571
1702866065
1759486257
914358160
620752143
1675602478
1398774445
1549768108
1157598472
1526698759
1876928033
1881127454
1885321822
1843374040
1572837303
1205833175
1711255543
1717546071
1843374037
1449106511
1876927951
1721740431
1300203374
1719643245
1547671081
1606391208
1887418982
1786749027
1606391200
1860150525
1616882300
1277134395
1765778200
1746903606
1883224597
1704964021
1887418963
991949101
950006442
1855956138
1868539241
1398774120
1344248360
1541378529
1046475802
1732226426
1736420658
1795137708
1751097867
1061156200
1746903623
1784651783
1738517958
1392482469
1851761667
1553962691
1503630333
1780457597
1432330044
1275036059
1717546042
1755292406
1837082383
1780457581
1900002125
1071642025
1876927913
1769972489
1581225032
1728031879
1841276870
1876927909
1426038403
1700769570
1654630625
1633659871
1704963869
1696575382
1688186389
1128237491
1442815858
1021310544
1746903695
1499435982
1629465484
1453300747
1725934666
1520406536
968880935
977268902
1887419107
1377802370
1461689729
1679797889
815790653
1421843997
1142918843
721412185
1549768439
1612688053
1509921620
1598002578
1442815826
977268881
1721740334
1413455502
1509921613
1558156908
1562351528
1832888199
989851717
1656727556
1746903715
1824499200
1602196928
1732226559
1801429407
1809817885
989851705
1828693560
1736420791
1581225206
1568642998
1618979510
1633659795
1744809266
1495241680
1369414480
1589613679
1530892783
1761583658
1820305064
1860150280
1700769669
1543475493
1172279042
1174376226
1451203746
1742712064
1629465536
1686089374
1711255325
1157598749
1579128061
1470078329
1885321912
1270841686
1738517876
1073739027
1509921547
1671407977
1560253959
1614785223
1065350535
1556059716
1755292258
1321174080
1814013726
1820305276
1721740697
1543475444
1686089579
1849664809
1491047368
1870636135
1631562278
1780457734
1635756645
1707060900
1258258911
1482658687
1778361053
1447009560
1558157304
1753195349
1499435635
1543475409
1895807953
1308591824
1650436462
1558157292
1725935083
1862247878
1495241251
1553962913
1740614784
419419070
1849664891
899677913
1512018264
1398773783
1598002293
1897904724
1700769299
1816110961
1897904720
901775086
1019213802
1472175338
1786749225
1872733378
1522504160
1855956416
1746903933
1799331933
1717546300
1627368344
1707060951
1476369558
1488950229
1197444142
1522504142
1392482698
1688186858
1700769315
1524601249
1834984993
1484755713
1881127839
1421844285
1648339386
845150679
1245675955
1151307531
1163890375
1598002341
1711255137
1717546432
1618979806
1893710717
1646242236
1847567796
1801429235
1700769522
1755292466
1900001930
1436524073
1155501927
1769972422
1862247749
1883224961
1725934945
1272938593
1518309825
1447009664
1463786750
1839179357
1872733276
1600099475
1612688339
1686089650
1788846415
1155501837
1598002412
1365219978
1105168904
826276578
1887419298
1319077186
1186958686
1828693788
1518309788
849344890
1784652217
1612688376
20957912
1717546424
1828693783
1709157937
1816111056
733995088
1595905263
1566545575
1897905439
1646243357
1786750586
1581224504
1893711063
1793042132
1153403059
1616882771
1881127954
1304396208
1717545552
1830789389
1711253996
1765778731
1008726023
1786750565
1625271489
1480561697
1803528031
1879024607
1623174302
1847566907
1654632120
1797236532
1803528016
1784653423
1577030094
1820303437
1793042157
1707059596
1646243372
1751098469
1556058243
1354734722
1186957952
1260357470
1671409630
1786750526
1683990556
926940022
1751098388
1346346098
1874830321
1637854672
1845469616
1434425646
1809819533
1784653324
1786750508
1801430795
1080003594
1780459079
1585418787
1371512291
1553961214
1457494716
1543477148
1891613915
1287618778
1799333722
1864344441
1203735513
1749001304
488624501
1893711029
1673506763
1671409641
1843372455
1514116679
1545572454
1556058310
954201253
1650437666
1742711712
1566544351
1786750719
1075809434
1749001399
1765778869
1520408085
1100975380
1371512115
1736420338
1730128781
1142917258
675275946
1900002728
1728031333
1572835621
1004533572
1868538820
1472174884
1805625091
1593807456
1377803963
1486853176
1648340626
1153402898
1434425803
1411356841
1342145346
1386192417
1814012064
1860149856
754966589
1595904989
1751098524
1887419576
1663021015
1883225334
1799333875
1671409490
1658826256
1570738511
1738517324
1759486988
1828692010
1763681736
1298104709
1728031265
1818206398
1730128890
1759487032
1512019704
1614785752
1755292792
1451203221
1793041971
1837080976
1763681775
1377804009
511693449
1776264482
1891613760
1321173568
985659327
1767875678
964686974
1121947614
1447009084
1730128410
1658826714
782230426
1159694360
1767875672
1900002360
908065559
1728031731
1702865009
1543476977
1275037423
1476369134
1885322574
1830789134
1826595273
1818206532
1883225377
880802140
1124044760
994047510
1532991086
1497338892
1755293099
964686922
1157597642
1707059338
1839177897
1627368904
1778361541
1044378372
1784653665
1887419700
1507824788
1551864113
1820303662
1692379533
1447009132
1858053098
1803527721
1809819272
1484756264
1663020612
1147111680
1302298876
1176472439
1518311190
1606390483
1866441294
979367725
1868538410
698344679
1210025316
1354735043
1828692355
1790945218
1893711264
1728031615
1784653790
1658826589
1820303868
1495241883
1633660122
1386192664
1881128339
1709156432
1820303856
809500079
1851761615
840957839
736093772
1700767942
1761584485
1807722021
1805624836
1193249411
1266648803
1881128383
1814012351
1723837213
1551864282
1778361434
1862247257
1656729369
1811916374
1461689013
1885322740
914357203
1312785297
1314882544
1207929420
532664843
564128809
1644145734
1803527871
1879024189
1514117117
1551864252
1520408412
1759487259
1621077337
1348443543
595586740
1788847954
1803527855
1333756590
1769972907
1709156362
1186958185
1858052963
1386192706
1814012354
1763681472
914357151
1900002524
1507824695
1285521779
1843372079
1059058413
897579146
845152170
1413454281
1874829897
1658826532
1830789347
1639952319
1711254526
1635757947
1478465051
1130335571
1711254511
1547670063
1866441001
1618980455
859831590
1774167972
1860149442
1476368866
1858052253
675276316
1495242555
1138724342
1616883314
1113558128
1644146640
1193249069
1442814925
1830789933
1738516904
1872732582
1696574243
1319076002
1589612674
1430231809
1778362304
1497339648
1377803359
1711254459
444585015
1623174903
1059058006
1048571958
1467980084
1897906002
1499436817
1774168048
840957007
1786749998
924842316
1818206730
1692379786
1486853886
1744808348
1648340057
845151289
1233094419
1776265139
1667214642
1887419921
1828692624
1826595504
1780458606
1883225676
1753196043
1574933415
1086295750
1545572965
1887419907
1728030848
1574933333
1419745810
1581224114
1650437329
1583321294
1356832333
1870635496
1730128261
1474271556
1790944292
1711254370
1258259554
1421842977
1845470049
1700768764
673179323
1702865881
356506519
1818206966
1755293237
1782555796
1545573042
1686088402
1254065169
1853858001
1897906093
1486853676
1193249195
1266648521
1207929160
1734322664
1732225415
1671408930
929036770
1711254337
1761584696
1159695320
1671408981
1830790100
1893711379
1398775185
1394580945
1799333358
1772070732
1889517131
1841275754
1310687433
1837081513
1759487494
1711254309
1855955071
624946142
1560252955
1107267354
1363124186
1591709750
1654631540
1885322931
1885322930
1696574447
1153403471
1646243053
1442814732
1891614282
1421843016
1744808200
1480562375
1600098727
1883225799
1623174726
1818206885
1012920995
1742711073
1478465311
1421843390
1302299290
1415551833
1367318137
1851760982
1786750324
1874829491
1386192269
1862246888
1778362087
1434425957
1879023843
1805624451
1881128706
1398774849
950007680
1606389919
1646243135
1749002008
970979058
1644146386
1797235762
1887420238
1788847533
517984748
1541379300
1377803556
1755293602
1793041823
1073737918
1780458841
1841275640
1348443928
1885323031
1858052596
1786750259
1795138995
1409260720
1736419376
1623175151
1170180845
1568641581
1851760909
1128238187
1577030312
1585418535
1505728231
1505728226
1635757598
767550172
1367318041
1342144665
639625591
1751099191
1556059095
1832886869
1849663824
1610584197
1392483716
1602195458
1876926559
1704962589
1098878716
1830789785
1161792183
1610584181
1396677812
966784531
1681894322
1885323217
1566544588
1394580615
920648007
1635757799
1654631686
1900002978
1897905793
1463785628
1767876348
1604292659
1881128880
1467979984
1629466286
1702865611
1671408683
1325367624
767549956
1876926562
847248833
1300202176
1451203005
1614786557
1887420348
1679797210
1700768409
1843372568
1860149528
1767876242
1149209519
1845469740
1474271244
1728031017
1885323145
1518310820
1482659714
1879023648
1413454814
1858052445
1774167642
1512019445
1761584916
1891614547
1652534674
1816110034
1845469713
1381998000
1765779150
1633660583
1780458981
1849671231
1820310651
1331666778
1805630359
1803533164
1558154443
1461683978
727710533
1759492292
1803533153
1767881087
1728034519
1637855670
1579126326
1803533142
1247779444
1818213489
1824504976
1767881072
1683993710
1535085390
803209197
1866448652
1275042764
1654633130
1442809290
1428129065
1799338758
1839185315
1344241698
1419740322
1050668705
1547668480
1734326044
1591709340
1644147132
1430226299
1233099066
1612689492
1876934544
1839185359
1866448751
1874837485
1516210701
1881120841
1606389733
1105170879
1564446045
1507822013
1388282588
1530891098
1772075510
1392476822
1457489589
1547668560
1690285264
1600098096
1717548591
1488947406
1788852973
1409254284
1474267049
1719645703
1814019226
1711256954
1671410457
1765783991
1887412471
1786755830
1671410454
1786755829
1709159763
1782561453
1864351628
1384088297
1858059812
1864351618
1419740160
1583320831
1769978335
1816116380
1730131900
1887412444
1765783964
1881120955
1245682329
1807727382
1476364117
1384088273
1545571502
941615277
1428129196
1486850082
1113559777
1832893951
1767881118
1212127483
1883218168
1876934423
1396671479
1700771219
1795144240
1839185230
1786755753
1862254120
1805630278
1847574213
1883218147
1868545922
1879031585
1551862944
1797241855
1556057183
1784658619
1891606619
1524599354
868213594
1872740217
1398768567
1302306166
1612689652
1247779507
1799338962
157276592
201317135
1736423309
1461684205
1759492140
1837088139
1660924425
1572834633
1648341703
1467975555
1520405089
1784658592
1543473917
1738520221
1870642813
1866448443
1709159639
1656730551
807395603
1556057518
1646244621
843047724
1505724584
1245682468
1883218210
1694479841
1589612449
1694479836
1495238711
1717548918
98555126
1841282195
1725937650
1864351282
796917329
1564445712
1725937648
1883218191
1769977933
1740617356
1560251851
1891606921
1881121062
1660924865
1671410396
1629466714
1553960409
994044535
1803532854
1509918901
1803532852
1694479796
1885315347
1738520274
1858060274
1377796946
1885315345
1541376656
1822408140
1054863244
1868545547
1843379337
1755298248
1891607015
1879031460
1111462755
1704965375
1646244735
1876934333
1881121149
1895801244
1618981147
1476363931
1891607001
1642049720
1482656054
1822408182
1797241461
1765783636
1394573939
1612689777
1589612485
1795144575
1618981372
1694479739
1801435865
916449049
1696576663
1738520085
1505724467
1820311025
1801435853
1583321037
895476938
1415546312
1788853000
1883218344
1711256678
1749006754
1876934209
1801435841
1142920639
1778366556
1377797051
910157723
1839184955
356500633
1577028697
1543473750
1883218326
1503627315
1707062291
1876934252
1738520107
1769978057
1784658921
1287625992
1667216103
1614786950
1381991398
1698673798
1415546338
964683967
1558154526
1751103901
1650439064
1467975351
1879031351
1885315478
1386185556
1805630035
1849671666
1734325905
1556057452
845144967
1663021767
1394574022
1841282150
1797241541
1830796483
1631563999
1545571839
1891606878
1321181019
1092587769
1879031320
1899995351
1516211127
1637855350
1096782006
1191155477
1411352053
431999060
1694479635
1658827569
1881121265
966781041
1769978000
1602195086
1834990764
1686091147
1633661099
1803532937
1071640104
1830796514
1386184863
1801435484
1415546457
1598000440
1543473653
1885315663
650114221
1885315660
1841282987
1801435464
1801435463
1851767877
1642050499
1612689920
1545571903
1566543737
1293918004
1335860659
1461683503
199219694
1883218445
1717548138
1885315690
1862253761
1769978689
1746909728
1807727103
1308598202
1707063288
1587514577
1642050448
1893704334
1644147630
1834991372
1220516584
1497336679
1642050435
1579125826
1876934017
1625272960
1562349376
1893704382
1482656315
1870642458
1507822522
1681897047
1786755092
1329569107
1493142163
1000335857
1828699791
1465877804
1767881513
1516210216
1231002405
1738520037
1195349315
1484753411
1696577379
1648341058
1587514594
1749006914
1585417217
1849670721
1786755325
1461683612
1453294620
1461683611
1686091514
1822408215
1895801460
1728033906
1379893425
1497336752
1899996075
1753201387
1778367339
480235010
1658826816
1522501664
1746909887
1866448282
1488947737
1312791703
1715451025
1642050417
1761589840
278905389
1566543853
1692382828
1453294634
1740616970
1728033863
1679799974
1486850597
1579125924
1298112484
1885315742
1621078621
1444906205
1881121498
243260599
1593805878
1157600820
1778367283
1681897200
1482656400
1407156494
1600097673
1172281095
734001509
1841282916
780139683
1254070368
1776270140
1323277371
1895801371
1843380025
1344242425
1778367256
1522501719
1618981527
1245681878
1361019894
1824505429
1715451090
1742714160
1883218638
1782560972
1715451081
1671410024
1648341184
1868545119
1755298717
1579126039
1665118261
1660924404
1814019856
1881121550
1830796814
1692383181
1730130956
1879031020
1725937099
1268750474
1660924394
1669312617
1633661511
1591709127
1499433542
1746909957
1883218723
1556058013
1512016186
1604291769
1453295033
1423935479
1887413076
1423935475
1679800113
1558155248
1444906286
1862254030
1811921102
1679800110
1556057996
1847573804
1109365036
1736422475
1769978442
1728034250
1881121578
1344242473
1474266342
1560252354
1742714082
1612690208
1228905087
1545572188
1381990677
1679800149
1885315861
1883218805
1648341364
1432323603
1585417520
1688188879
1715451247
1874836718
1769978413
1818214155
1549766408
975169859
1870642210
1759492993
1275041951
1564446302
1570737917
1335860477
1612690298
1713354102
1738519794
1728034193
1864350832
1673507019
1841282760
629143043
1048571139
1637855968
1728034175
1149212671
1207932030
1631564478
1493142398
801111100
1505724987
1065348347
1428129435
1786755577
1159698072
1700771543
1677701237
1394573460
1283432432
1572834864
1887413229
1572834861
1881121671
1581223331
1713354114
1631564442
534760567
1591709047
1698674319
1690285835
1725937001
1033891366
1388282116
1474266210
1786755522
1396670593
1646244257
1883218939
1545572314
1449100698
1772075604
1711257138
1631564529
1845476910
1820311469
1159698122
945810312
1532987527
1598000359
1786755495
1231002245
1885315972
1572834914
1553960770
1782561250
499109471
1721742718
952101724
1654632827
243260823
341821367
1176475123
1889510256
1556057934
1841282638
1847573996
1604291692
1728034060
1832894155
1461683433
1761590020
1545572320
1887413374
1826601177
1512017429
1560250612
1570736532
1736422260
1413447730
1612690448
1623176365
1579125254
1547667493
1386186373
1876933571
1738519426
1795145442
1602194270
1526697692
1287624859
396346299
1008724026
1438613908
1874836369
1207931852
1644148172
1558153449
1849670150
1883218947
1828698304
1774173684
981462579
1767881996
1413447787
1826601098
1545570373
650113764
1484753953
1736422169
1784659508
1694478483
1872739315
983559918
1532989227
1421836487
1887413253
1786756613
1665120065
1583319584
1709158751
1516211934
1606388539
1207931770
1633662425
1671411478
1612690581
1566542292
1447002804
1734325204
1744810867
1839184142
1765785003
1207931755
1769979369
1407158087
1019209764
1488948254
1715450526
1759493245
685767801
1858058772
1723838992
727711725
1654634029
1379894920
1860156007
1832892805
1522503170
1824503935
895476126
1272946461
1633662364
419417146
1530892281
1841281401
1767882135
398443382
1499434390
1610582835
1285527635
1832892915
1606388592
1887413423
845145740
1757396076
1717547659
1818212488
1826600965
1807728484
1161794017
1296013790
1679798522
1780465401
1881122041
1899996631
1052764757
1530892242
1885316270
1050667629
1887413388
1231003050
1757396041
1788853863
1505725766
1480559813
1715450560
1461682712
1885316437
1717547858
568325329
1742713551
1566541902
1711255789
1843378378
1564444712
576714561
1841281180
801110682
385860568
1832892439
1707061398
1709158644
1602194002
1870641745
1614787856
1883219211
1398769258
1811922630
1633662050
1881122143
1832892543
1654634453
1742713490
1793048464
1174376624
1876933263
1193251406
679476523
1851767562
1763687498
1788854218
1677702825
1788854215
1520406471
1520406468
689962049
1237294304
1881122112
1365214268
1736421915
1897899130
1883219285
1579125620
1707061457
1769978895
1648342862
1658828712
1597999688
1665119815
1893705123
1895802243
1711255681
1220517312
1231002847
1728033662
1553959198
1660925821
1876933211
1899996343
1767881934
1094685869
1885316555
1807728170
975171465
1667217091
501205059
1656731427
1159696514
1379895201
1893705085
1879030364
1648342936
1126143671
1671411253
1881122227
1755299122
1543474764
1704964139
1394575018
1558153577
1683993062
1841281030
1600096925
1560250684
1111463929
1767881879
1417642422
1216322996
1591708436
1769979059
1889510738
1308596270
1080006028
1786757029
975171524
1004531204
1740616289
1396672222
1474265661
1883219414
1566542006
1488948565
1304402002
1755299183
1872738923
1453294442
1818212777
1616885160
1247780776
1897899238
1522503494
1885316518
1532989090
1132434815
966782879
1786756222
1736421754
1885316694
1476362737
1002433967
1375700975
1658827981
1872738701
1465876811
1138726345
1681895977
1658827976
998239591
1681895975
1717547077
442485827
1832893219
1654633663
1784659065
1384088663
1891608213
1570737072
1736421709
1879030221
1866447115
1698673418
1883219465
1543474633
1648342025
1879030216
1654633637
1463779710
1786756158
1681896060
1717547031
1801436438
1470071244
1432322827
1885316614
1870641443
1887413793
1744810399
1254071518
1287625434
1891608282
849339640
1889511159
1702867734
1874835926
1151308531
1558153902
1711256462
1453293803
1851766826
1660925058
1499434786
1400866050
1407157665
973074304
1795144831
1837087741
1610582396
1769979900
1138726235
1702867962
1365215194
1786756343
1740615989
171957429
1801436627
1870641648
1631565742
924836237
1809825101
1709159244
1245682860
1881122443
1507823435
1832893353
1524599878
1505726245
1751105219
1524599874
1822407231
1849669791
1889510973
1736421850
1788853305
1746910904
1883219608
1883219606
1734324722
1717547250
1780464818
1333762507
1881122473
1763688359
1744810309
830465988
1765785475
1774173954
1486851617
1885316833
1828698689
1778368321
618656287
1736421822
1652536503
1728032813
1855961164
970977034
1837087656
1379894499
1820310179
1488948834
1874835809
1459585055
1497337820
1646245115
1899997145
1820310169
656404984
1635760023
1113560240
859825616
918544462
1872738666
1677702409
1275043080
1625273892
1579124962
1855961186
1893705249
1136628926
1499434587
1419740057
1472168118
1499434580
1832892978
1251974542
1881122574
652210637
1216323436
1593805291
1658828235
1568639594
1885316935
1400865894
1885316933
1864349700
1736421474
1853864287
1738518718
1832892953
1799339030
1663022134
1782562070
1675605230
1841281675
1872738473
1260362790
1635759683
1233100354
1736421438
1757396990
855631282
1883219825
1769979439
1874835695
1744810159
1300208167
1881122627
1629468225
1633662465
440388960
1855961536
1654633983
1507823291
1855961594
1832893017
1310693750
1858058709
1635759634
1851767086
1308596874
1860155816
429903588
1174377092
1876932700
1688187676
1413448634
1895802744
1744810104
576714200
1312790965
1876932692
1843378771
1843378770
1631565489
1365214925
1465876683
1419739913
845145543
1887414247
1589610791
1730130053
1671410693
1778368095
1421837086
1761591133
1679799229
1375700573
1767882491
1866447001
1681896345
1793047928
1872738355
1352632113
1895802704
1843378800
1883219855
1717547501
1767882476
1797242028
1891608327
1889511200
1828698942
1394574556
1193251031
1367312052
1883219952
1698673391
673185742
1811921966
1826601740
1589610857
1535085737
1631565544
1629468358
1730130115
1600096385
958394049
1828698912
1845475872
1803533469
1784659389
796915869
727710906
1142920179
1482657714
1631565520
1709158958
1824504652
1520405867
1165988491
1553959787
1411351530
1553959786
1512017384
1830796003
541063230
421511452
1545569307
1822405787
1826600153
1801433945
1604290456
1763684624
1713356301
1495236877
1463783212
488621323
1728036585
1442811369
813688936
979362376
1642052039
1851766338
1725939393
1218416830
706736702
1545569341
1876932604
1545569339
1717550711
1193254710
1532986230
1862252245
1524597491
1449102959
1379895820
1405062026
1874835338
1767879017
1503625637
1230999909
1885317150
1526694590
708833917
1874835448
1899997560
1400867639
1728036530
767555057
1849669232
847243822
1486848201
1730133833
1392478888
1597998947
1845474720
1618982944
1709161916
754971800
1654635252
1763684724
551549106
1728036497
1883220049
1782559312
828369199
1767878955
1168088553
1522500296
1769976069
1417645061
1876932516
1818211363
1876932514
1421839553
1847572127
1432325599
1405061948
1818211546
1467977722
1375701368
1889511447
1648343733
1413450933
1841280308
1885317329
1675606864
1717550797
1887414501
509593285
1809822530
1765781922
1478459521
1692384320
1371506972
18864569
1532986359
1784656627
1642051954
1805628208
1512014511
1887414478
1830794669
1637857580
1707064587
1270846219
1736425419
721416774
1776267622
1568638406
1832891779
1583318752
1585415869
1275040571
1365215643
1627371572
1017111633
1574929680
1484751024
1417645230
1503625548
1186963050
937422601
1233097129
1832891879
1230999943
1797239749
1465880453
1805628227
1864349634
1845474592
1518305951
1870641055
1820308636
1268749178
882895985
1767879088
729805709
1553957995
1891608647
1879029511
1618983294
1788851099
1390382040
1868543575
1568638068
1834988628
1853863795
1207934705
1897900046
1753198957
1717550922
1698675754
1889511812
1583318908
1472171675
1807725207
1390382068
1556055443
1893706222
1189060586
1788851113
1883220232
1604290214
1488945541
1245680389
1881123108
1474268899
1287624067
1715453698
1774170240
1769975859
1400867376
1822406095
1841280238
1851766540
1646246729
1778364583
1767878660
1520403454
1738522365
1476365980
1495236728
1881123192
1168088311
1142922613
1862252431
1583318828
1358924172
1543471752
1887414535
1625274790
1392479109
1646246755
1891609025
1518306049
1891609024
1786754044
1721745179
1767878875
1862252409
1333761784
1482654167
1832891574
769651796
1736425204
1516209099
1520403210
1488945445
1272943173
1753199076
482329890
1820308953
1633663215
1805627945
1400867527
1694481735
1474268774
1736425156
1723842308
1866446467
1486848350
1818211739
899673177
1522500470
1858058099
1843377169
1195351790
1709161485
1893705995
1782559721
1717550983
1593804578
1876932097
1467977376
1883220447
1627371804
1205837371
1698675931
1302303865
1381993401
1656732502
1820308883
1830794482
1801433776
1283429776
1616886191
1610581516
1488945484
1725939499
1650441130
1465880231
1512014820
1881123300
1887414659
1233096835
1224708353
1690287424
1692384989
1870640502
1549764180
1512013844
1853863028
1321178290
1891609265
1744813551
1396672814
1583318094
1650440269
1828697836
1663023371
1688190602
1344244234
1803530598
1272943045
1803530592
1891609248
1876932095
1751102079
1704968123
1583318134
1486848693
1700773748
1532985716
1054860531
950002354
1499431794
1868543344
1709162478
1293915944
1809822182
1874834822
1887414853
1646245922
1673509367
1168089047
1396672885
1814017620
1696579411
1516208140
1608484236
1755296458
1776268168
1784655879
371182662
612367909
1872737732
1537180100
1876931970
1591706753
1461685625
1107270551
1453296882
1528791407
1721744619
1572833227
1843378089
1816114761
1709162403
1755296481
1436520220
1161797563
1646246042
1629469593
1532985816
1839183638
1553958420
1885317844
1610581357
1658828874
1522499624
1696579463
1532985795
1899998114
1782558882
1887415009
1600095681
1667217908
1602192844
1610581323
1595901350
1809822052
1566541796
1600095645
1891609211
882896471
1512014039
1648343287
1381992599
1218417235
1841280880
1776268046
1251971149
1876931852
1767879559
1396672997
1709162244
1711259426
1874834785
1205837057
1583318144
1530888672
1832892383
1769976734
1365216190
1681899228
1335858551
1486848630
1197448628
916450419
1761587730
1876931887
1549764265
1212125897
1413451465
1308595976
1520402532
387960291
1849668803
1885317793
1337955519
1165991550
1876931804
1858057658
1319081369
1021306841
1608484055
1434422901
465551540
1694482419
1608484045
1327469579
692056618
1484751720
1650440518
1549764419
1887415138
1063249023
1648343327
1879028958
1707064986
1421840281
905965272
1530888213
1834989171
1056957903
1096784494
1780461869
1885317994
1512014121
1524597223
1520402854
1881123619
1453297114
1681899385
1853863223
1822406613
1054860690
1881123666
1237291756
1755296714
1728036263
1354730471
1612692295
1774170854
1337955554
1648343392
1323275648
1268748543
1862251935
1719647518
1660926365
1612692345
1220514776
1667217460
1138727092
1631566419
1755296752
1291818895
1581221193
1512014184
1834989095
1757393862
1543471238
1883220925
1363118781
1430228669
1658829148
1862251899
436191867
1660926327
1522499894
1631566517
1400867060
1488945970
1551861745
1853863406
1482654670
1556055848
1631566503
1757393703
1774170662
1879028837
1858057509
1189059906
1767879362
1730133121
1587512576
205510560
1272942716
1595901111
1272942711
1642052215
1423937398
1335858228
1411354546
1860154738
1470073906
1497334417
1862251854
1891609357
1231000300
1855960363
1843377761
1281333216
1679802333
840952285
1734327451
1197448346
1874834551
1491043094
1826600726
1803530420
1310692820
1887415212
1652537771
1818212233
1778364968
1843377671
1486848836
488621762
1881123777
1556055905
1671411776
1587512703
1667217598
1560250134
411026323
1736424594
1610581008
1744813071
681571183
1430228687
1778364942
1717550510
1872737389
1478460393
1767879335
991944935
1897900769
1797240606
1484751997
1675608022
1375702516
1447004721
1442810353
1650441808
1283428463
1681897519
1191156461
1719646828
167761387
1841279401
1887415399
1707063719
1585414757
1562345729
1774171545
1268750262
1633664372
1876931571
1885318257
1881123889
1899998479
704640463
1866445582
1400868684
1346341899
1220514952
1562345763
1306497506
1553957084
1845473721
1381994009
1407160215
1851765271
1514112631
1621081303
1191156404
1887415347
1140826033
1755296971
1602192171
1899998571
1889512651
1786754601
1602192165
987752069
1293914433
1700772097
1547665504
1811920800
1881123962
1820307482
1746908278
1665122133
740290674
1675607982
1560248460
1870639883
1818210347
1319080682
1788851942
1394577250
1881123938
1669316605
1730132891
1396674489
1409257336
1883221175
1124048500
1352633364
1637858578
1161796018
1782560427
1700772298
1356827722
1876931402
1459587689
1891609640
1742715716
1728035426
1623178272
1436518656
1832890779
1885318395
1876931449
192927705
1851765495
1522501142
1216320724
1268750132
1870640084
1346342034
1816113298
1887415501
1864348589
1725938285
1367313865
1537181479
1644150086
1516209889
1725938272
1526695487
1895803967
1826598943
1759491097
1459587638
564133205
1535084456
1767880070
1639955814
1885318276
723515331
1579123395
1096785283
1847571138
1526695456
1797240831
1522501211
1497335257
1421838424
1390382646
1769977237
1646247669
1547665621
1432324533
1551859857
1642052911
1086299211
1824501833
1774171464
1778365703
1646247652
1207933694
1774171325
1719647101
1182767996
1268749978
1457490906
1885318489
1610580726
1753199985
1379897134
1881124108
1350536554
1709160648
1069540006
1818210629
1767879747
1763685379
1174378713
1488946583
1627373014
1694480854
1052763026
1803531853
1646247724
1541375721
1595900456
1732229637
1732229635
1767879778
1759491487
1499431957
1732229749
1885318416
1384091435
1205836426
1765782631
1686092070
480231877
253743684
790622847
1522501595
1899998298
1707063513
1486849526
1631566929
1516209966
1834987559
1749005639
1763685479
1543472775
1870639622
1593803649
1375702142
1704966174
1895804285
1822404889
1606386231
1275041394
1648345010
1864348305
1432324304
1488946480
1415547342
1736424174
1476364909
1899998378
1459587944
1818210760
1876931142
1505723430
1583317957
1818210756
1264555713
1843376192
1820307933
1447005083
1887415770
903866490
1545568697
1837084884
1545568692
1109368753
1730132656
1755297067
1356828010
1749005706
1532987112
1899998343
1602192070
1503626277
1478460837
1834987748
1795143491
1681897981
1340051997
1369410651
1723841403
1358925112
1742715415
1811920435
1719647154
1683995024
1602192044
1721744203
1310692297
1874834022
874506690
1633664129
1602192028
1553957244
1753200027
721418011
285199642
1786754970
1826599223
1499432119
1700772023
1681897940
1258264337
1883221455
1597997773
1346342347
1304399946
1734326954
1855959914
1692383528
1717549991
287296742
1746908645
1612692963
1855959907
1870639745
1786754944
1545568736
1809823199
1621081756
1633664859
1532986714
1679800856
1658830040
1788851351
1786754165
1669315957
1746908692
1558151887
1627373290
1895804649
1627373289
1778366435
1746908675
1633664834
1799337247
1881124413
1577026523
1566540665
1757394580
1142921773
1765783308
1879028169
1059053859
1442810815
1419741919
1818210846
1769977661
1616887324
1323274389
589299029
1774172144
1656732912
1841279981
1837085484
1004529034
1300206377
1541375367
1463781733
1667218692
1784656900
1887415841
1631567712
1048567837
1287623388
1522500827
1816113755
1803531545
1814016631
1532986671
1165990671
1583317038
1889513197
1577026442
1744812425
1572832201
1881124455
1438616519
1855959269
1767880481
1509918591
1499432925
1474267479
1853862131
1885318866
1585414386
1004528975
1358925422
1845474156
1356828234
1883221674
1417644777
1572832040
1308595047
1769977831
1124047973
1673510180
1749005988
1220515358
1788851260
1266652635
1350536922
1855959091
1568637905
1497335695
1023402569
1744812360
1879028040
1749005960
1702869960
1562346405
1157601861
1560248899
1826599455
1679801048
1753200312
1879028023
1312788723
1474267411
1751103122
1790948465
1304400753
1499432842
287297479
1728034854
1000334662
1858056293
1604288835
1310691522
1180670082
1505724254
1268749693
1224709660
780136599
1178573013
1545569013
1700772789
1484752533
1889513076
994043348
1484752529
1591705649
1872736625
1893707310
1419741806
1300206476
1105174315
440386763
1543472391
1834988454
538967782
1591705636
1811920132
1268749469
1482655581
1782560060
1627373564
1224710134
1522501043
1631567411
1866444849
1786754414
1717549389
1725938124
939518187
1702869611
1482655563
1652538728
1658830280
1700772423
1780462855
1203738791
1681898277
1864347650
1883221793
1744812256
1608483008
1874833566
1746908989
1340051708
1874833561
1136630936
1344245556
1847570737
1765783055
1415547758
1463781387
1621082027
1608483050
1384090951
1560249284
1889513435
511689017
1742715033
1348439832
1537180886
618658709
1879027891
1673510126
1537180878
1725938062
1426033581
1629470285
1776268937
1616887557
1860153732
1713355074
1532986369
1807725790
1805628669
1543472282
1342148762
702543545
1283429144
1866444886
1658830257
1862250894
1711258252
1769977356
1291817864
1772074726
404735846
1755297764
1772074721
1868541985
847244544
1059053727
618658652
1369411096
1736423668
1233098484
1692384079
1417645039
1847570826
1830793865
1090494313
1707063846
687863653
1308594789
887089985
1600094400
1801434304
1654635839
1400868059
857730232
1486849848
1495238325
1719646674
1874833426
1897901744
1683995628
1574929001
1744812101
1767880420
1214224355
1868542177
1744812097
1503626847
1514112509
1507821082
1841279606
1379896821
1893707539
1572831858
1736423602
1543472175
1660927279
1683995530
1514112486
1648344547
1545569219
1671412803
1822405496
1728035091
1883221971
1763686127
1855959407
1853862285
1627373323
1583317418
1887416199
1891610437
1715452356
1828696834
1765783232
1803520894
1585430142
1765771582
1816103997
1625260252
1627357435
1868533594
1719633526
1746896908
1558166727
1652523621
1373614532
1293921539
1885311099
1883213851
1593818840
1841270166
1853853267
1786743374
1774160269
1736410956
1883213833
1855950504
1606401928
1872727975
1832881409
1579138592
1520417503
1556069630
1163896090
991943513
1797229398
836751765
1673495540
1520417491
1644134830
1648329326
1323282061
1417655339
1419752650
1090494633
1795132073
1830784324
1608499076
1585430048
1858047709
1784646205
1577041295
1883213902
1744799626
1549777962
614450408
1784646184
1709147560
1868533543
1239394726
1874825157
767544770
1667203874
1648329280
991943520
1612677279
1897894302
1883214011
1883214008
1686078710
1574944086
1350545651
1763674515
1377809042
1843367250
1899991471
1805617933
1161799084
1885311179
1545583754
1296018855
1621065731
897570270
1868533753
1828686937
991943608
1593818712
1746897079
1816104085
1801423860
1681884305
1876922223
1642037608
1239394663
1665106821
1189062242
1419752480
1679787231
1549778076
1887408315
1761577017
1545583832
1207936822
1621065811
1711244595
1746897106
1746897099
1088397323
1837075882
1602207656
1595916227
1696564675
1782549218
1870630811
1472182099
1832881611
1709147432
1864339431
1795131911
1621065831
1847561955
1463793603
1778354431
1887408510
1373614300
1633648728
1839172754
1753188721
1686078832
1704952975
1698661423
1843367116
727697993
1581236005
1839172740
1512028931
1509931234
1520417727
952097178
1673495194
1717536632
1258269653
1717536629
1797229105
1723828112
989846480
1419752878
1879019214
1736410702
1895797197
1851756397
1700758633
1285533088
1331670559
922736575
1751091483
1805617879
1744799413
1883214195
1881117009
1124049840
1587527631
1482668302
1572846830
1797229130
1855950793
1837075497
1761577384
1899991138
1860145024
1520417728
1899991136
1451210527
1488959966
1581236061
1776257212
1658815419
1855950842
1623163354
1558166969
1759480249
1447016280
1428141174
1786743572
1574943923
1860145070
1851756334
1809812140
1895797132
1709147308
1784646443
1776257193
1879019144
1258269574
1660912504
1488959799
1275046519
1394586261
1289727315
1826590032
1820298735
1165993198
882889997
1885311437
1690273063
1384100836
1488959778
356512927
1096786175
1191159646
1891602715
1746897337
1744799318
1124049750
1879019092
1654620977
1717536746
1474279013
1480571268
750767362
1776257122
1757382913
832557089
1688175964
1711244343
1876921877
1830784213
1495251156
1885311380
1711244340
1820298675
1765771505
1881117130
721406759
1608498693
1830784195
1730119362
1660912418
1377809346
1746897403
1291824404
1373614132
1822395763
1881117169
1822395760
1583333296
1862242062
1702855822
1795132174
1887408525
1396683465
1788840808
1824492871
1704952934
1453307747
1824492866
1866436289
1874824638
1346351678
1136632254
1291824893
1744799229
1868533084
1482668636
1709148124
1549778523
1700759387
1897894666
1220520615
1755286148
1249880164
1881117187
1595915520
1518319712
1755286204
1711245272
1881117238
1396683028
778030192
1872727469
1453307047
1843367909
1887408708
1547681282
1633649504
180349056
1702856511
1040179134
1759480473
1562361688
1721730263
1797228886
272626286
1486863052
1883214442
817877738
1816104553
1887408681
406846057
1853852712
1801423110
1415558657
1495251839
1436530685
1658814653
1883214428
1822396155
1589624027
1887408665
1887408664
1803520279
1589624022
1885311542
1296019285
998234387
1310698609
1310698608
1872727535
1828687500
1128243525
1547681349
1759480484
1574944674
1820298753
740282015
1080009439
1897894812
1893700185
1778355062
1442822006
1818201813
1421850161
1268754705
1753189104
1545584272
1526708335
1530902959
1885311694
1820298987
1805617412
861917695
1616872191
1744799070
1379905693
1885311740
1459598428
1891602970
1899991962
589283770
1354740250
1698662297
1321184281
1612677815
1587526710
1247783158
1736410581
1268754740
1834979314
1876921714
1642038125
1283436234
1872727338
1820298953
824169384
1702856640
1644135232
1572847484
1826590235
1442821944
1692370455
1216326327
1843367699
1524611091
1734313362
1832882160
1520416847
1828687407
903862030
1646231758
1379905773
1832882155
1583332484
1600109955
383775747
1698662369
1560264224
1275046170
1367323546
35643639
1457501239
1715438804
1165993870
1805617517
1564458956
1746897640
1484765832
1881117414
1235200869
1782548676
1887408768
1665105983
1541388509
1709147867
1881117464
1595915280
1690273710
1776257741
1887409002
1704953482
1826590665
1354740648
1436530311
1069538463
1679787838
1797228606
1807714454
1337961618
1876921585
1405071504
1763674669
1572847245
975165737
1560264647
1746897700
1656717699
1700759136
1809811612
1321184759
1633649172
1308602035
1879018672
1786743086
1612677965
1868532749
1631552108
1740604651
1646231881
1887408936
1734312966
1876921477
1855950277
1610595493
918541796
1845464739
1765771870
1702856220
1782548825
1589624280
1228909141
1751092019
1734313009
1891603407
1891603403
1283436298
1748994890
1774160584
1474278566
1367323142
1602206975
1814007711
884987707
1671397403
1354740539
1899991738
1881117590
1870630134
1530902709
1398780116
1772063252
1774160435
866111503
1520417034
1748994985
1258269031
1874824231
1591721285
1761577828
1864338563
1121952126
1692370814
1398780152
1671397431
1434433239
1574944373
1606401044
1776257651
1184867634
1858047250
1579138478
1717536236
1797228716
1463792779
1751092202
1858047242
1885311976
1690273538
1874824192
1396683005
1681885181
1589624189
1751092125
1728021820
1694467898
1665106170
998234294
1486863190
1858047350
1421850484
1497348851
1258268978
1344254929
1558167311
901764719
1052761454
1860144398
1690273642
1858047334
1847561664
1820299161
1300213399
1876921399
1342155796
1881117682
1363129041
1627357968
1887409040
1566555820
1843367466
1210035176
1881117672
1866435783
1484766086
1755286372
1801423010
1702855038
1543487485
1474278363
1300212090
1499446614
1623164085
1784647252
1860143825
1656719025
1776258513
1683980367
1300212077
1845463533
1541390284
1553971335
1851755079
1363129636
1746897923
1885312064
1887409244
1767869817
1807716247
1442820564
1560262868
1289726194
1887409223
1872726951
1054857954
1233104193
1589623425
1663010592
1816103038
1639941624
1518321208
1451209271
1172283798
1612678226
1172283792
1551874095
1621066953
1665107816
1442820518
1610595238
1600109369
1499446581
853530291
1119856338
1048566289
736087984
1637844464
1335864304
1665107790
1893700780
1287628998
1226812771
1455403714
1233104128
1780453023
1876921182
1675593565
706727578
1855949337
1805618969
1673496373
1484766443
1138730826
1633650121
1767869891
1197450177
1897895297
1568651745
1759480897
1734312897
1828685920
299890046
1606400797
1566554620
1606400796
1625261175
1658816118
1361032628
1491057779
1245687442
499120396
1461695403
1895797835
1694466117
1409267520
1883215100
1832880635
1132439483
1830783451
1887409338
1602206649
1761578036
1537195859
1583331986
1761578034
576702096
1872726863
1398781835
1451209387
1887409323
1648330474
1583331976
1486863429
287307203
1881117891
1451209378
1816103137
1723826783
1855949437
1287628891
1809813295
1572845901
1472181067
1786744458
616546375
1648330438
1782550214
1499446688
1436528791
809489716
1774161075
1207935725
1153409449
1728021481
1598011945
1845463268
1899992099
1709146306
1467986530
1461695039
1165992028
1778355415
1623164308
1623164304
1465889389
1566554221
1256173548
1853852491
1801424490
1881117988
1855949732
1667204706
1782550272
1860144031
1509932223
1897895003
1889506777
1103078649
1866435191
1637844183
1879018163
1885312275
1537195724
1499446283
1551874337
1608497792
1436528893
977264477
1417654556
1660913561
1639941335
1839171830
1153409489
1610594960
1797230190
1730118251
983556071
1876920997
1832880195
1159700579
1725924259
1480572226
1337961021
1300211965
1847561110
1639941171
1486863634
1757383985
1696563345
1304406063
515898157
1830783114
1566554311
1598012069
1113565124
1553971460
442499010
1803521762
1493155170
1553971456
1451209696
1811910240
148893054
1725924218
1518321617
1763675311
1044372366
1660913483
1746898347
1300211912
1124050759
1621067046
1673496066
1499446496
1673496064
1681883642
1870629560
1545583064
1512030165
1321184116
1776258068
1323281168
1635746992
1484766638
1675593229
1751092620
1751092619
1507834889
1589623656
1623164263
1772063814
1572845670
1862241061
1801424575
1728021279
1679786491
1476375065
1887409560
1298114744
1610594839
1725924151
1553971574
1652524950
1832880341
1600109236
1866435280
1709146156
1480572363
517995306
1876920871
1769967487
1149215357
1881118236
1897895708
1589622971
788515066
1484766836
1327474959
1730117903
1073732078
828364618
1830783754
1344255495
1379906599
1876920773
1769967460
1891604131
1872726463
1608497662
1899992862
960487197
1602206045
1337960860
1719631962
1631553306
1447014422
1763675957
1084204722
1897895729
1010817550
1604303276
1883215368
1851754597
1497349892
1665107204
1776258970
1528806744
1480572534
1849657460
1782549619
1786743858
1709147022
1832881005
1646232653
1600108811
1673496038
1558166150
1346352742
1663010117
1495252862
1405072861
1748995677
1583331388
1868532027
1512029307
1866434902
1098884885
1245686868
1746898548
1444917363
1642039218
1155506865
1881118319
1388295373
1660912778
1560263304
1029692199
1577040770
1503641374
1797229980
1512029337
1616873176
1822394904
1658815575
872404343
1843366741
1145021108
1860143187
1065343474
1621067282
1545583247
1518320879
1801424332
1342155115
1530903977
1704952585
1702855656
1837075432
1725923455
979361021
1820297949
1786744028
1755287099
1354741272
1585428695
1417654997
1595914677
916443188
1577040718
1486863915
1419751978
1533001193
1197449703
1675593063
1889506853
1874823426
1881118430
1709146910
1465889181
1828686396
1442820923
1556068987
1581234426
1591719961
1830783954
1757384297
1583331518
1870629278
1407169851
1738506618
1755287162
1874823514
1174381334
1566555062
1635747732
1509932816
1889506921
1658815529
274724519
910151878
1486863973
1470083429
1438626628
1772064609
746572416
1486864278
1262464051
1348450130
1566554705
950001553
1606400175
1658815951
1692369871
1874823337
1843366600
1876920518
1709146818
1161798177
1834977857
914346332
1883215641
1761578968
1881118519
1832880662
1673495701
1371518612
1883215634
1512029488
1834977903
1365227116
1600108651
1879017673
1811909817
1858046456
1692369813
1780452692
1883215732
1755287506
1633650192
1879017647
1572846317
1008720716
1709146763
1612678982
1507835523
1688175554
1499446786
1805618429
1035983580
1765772889
1377809781
1610594451
1635747345
1816103757
1600108587
1270852811
1742700714
1650427173
1583331620
1832880705
1046468897
100655740
780126712
1566554836
1738506253
1310697869
1656718633
1707049512
1476374628
1742700612
872404067
1642038850
1516223999
1832880794
1717535226
1583331833
1876920440
1874823189
1350547412
1860143470
1126147239
1365227239
1577040454
897569477
1688175394
1522515202
1612679135
1744797758
1876920347
1358935866
1369421401
1681884151
1681884145
1876920332
1633650316
1392489771
1876920329
1247784328
1879017508
1822395203
1755287423
1233104542
1862240541
1843366460
1874823260
1394586872
1044371927
1855949172
1040177684
1656718676
1702855310
1853852043
1824492362
1625261866
1421849412
1755287395
1614776257
1690275006
1593816825
1893701842
1883215916
1614776364
1793032906
1862239978
1786741352
1755283585
1367325025
1899993376
1451212383
1449115262
1816101912
1811907534
1885313129
1652525637
1396685569
1899993344
1692372123
1698663802
1824490746
1423948952
1858045688
1671400405
1564456306
1574942096
1711246766
1738510284
1755283660
1879017387
1337960426
1885313026
1604302785
1730121597
1774158301
1671400443
1748992090
1486860538
1858045656
1486860535
1784644150
1478471797
1801421620
914349587
1612679282
1654622959
981455374
1887410184
1652525573
1841268164
1507832227
1665108800
1876920157
1786741499
1711246713
1826587737
1316988663
1780449943
1526706800
1501540847
1709149519
1577039210
1837073897
1769964008
1667206084
1197453249
606063807
1512026813
1094691225
1354741782
1690274835
1843365234
1879017295
1876920172
1887410379
1646234282
1834976746
1767866857
310377159
1717538535
1885313253
1692372068
1478471843
1088399459
991941537
1885313248
1621067871
1400880057
1520415319
1883216117
1629456849
1763672524
1293919692
1845462315
1793032715
1763672523
1648331486
1879017244
1591719483
1591719478
1486860403
1879017233
1688177775
1233101198
1778352397
1784644269
1660914185
1258267142
1832879556
1572844867
918543939
1048565630
1384102782
1008719133
792708669
1700760668
757056540
1266655868
1669302908
754959864
1484763511
1193258518
408940885
1335862930
1887410540
778028875
1312794408
1769963622
1688178054
1719635812
1335862914
1591719935
1805615807
1700760699
1356839419
1646234424
1879017175
1736412758
325057139
1285531056
1335862958
1728024525
1883216137
1707052169
1780450087
1885313382
1633650789
1744801474
348126593
1759478175
1625262494
847239993
1887410489
1157606840
1545581911
1728024502
1509929140
1453309905
1612679505
1679789393
1784644366
1220518381
985650156
1595913798
1277142342
1858045925
1788838853
1212129636
1839170754
897571872
1367324699
1231003703
830461967
1782547279
1881119086
1553970669
1879017098
1742704297
1834976292
1753186563
1692372385
1700760799
1461698203
1329571510
1899993269
1782547379
1625262418
1650428875
1639942187
1268752906
1591719749
1744801377
20965536
1879017053
1734315773
1352644923
1683983867
1748992407
1839170613
1860142962
1316988881
1721732913
1744801360
1841267728
1876919915
1279239563
1855948587
1702857930
1797227177
1855948585
1472183816
1616873959
1447018374
1742704227
1767866594
1780450210
1335862877
1539289725
1386199898
1491054871
1790935927
1881119191
1885313429
459272852
1862240050
1805615697
1860142864
1876919823
1879017007
1631553775
1612679626
1709149191
1881119172
1883216352
1214226875
1562359034
1614776790
1763672310
1558164788
1866434256
1635747981
1679789548
1841267786
1606399562
1832879304
1782547399
1814005223
1549776293
1444921316
1665108675
1652525954
1558164770
1572844609
989844225
1864337121
1543483903
1551873661
1537192348
1740606906
1593816314
1442824186
1883216437
1186966709
1553970836
1646233620
719306963
1658816722
1671399824
1887410796
1268752776
1698664232
1635748711
1807712678
1346353702
1434435430
1769964388
1671399811
1300211553
1585427552
1631554335
1287628445
1883216411
1895799514
1851753593
1052759193
1883216407
1709150199
1679789613
1746895403
1652525127
1426046662
1889508004
1488958083
830462786
1864336733
1474280860
599771640
1518317622
1872725461
1558165140
1602204976
1832879982
1486861006
1719634989
1883216492
1715440747
1499443979
1002426857
1633651465
1625262727
1532997891
1895799459
1451211808
589285759
1660913822
1663011197
1778353052
1558165176
1759478454
733987285
692044629
1721732341
1604302322
1751089711
1604302318
1843365805
1866433866
891281257
1266655496
1287628487
1455406279
1769964295
1556068039
1671399909
1545582180
1763672932
1774158786
1625262753
1096788951
1780449430
1870628342
1551873778
1245683884
1220518439
1474280773
1394588035
1459600474
1356839544
1287628310
1103080214
1251975221
1767867381
1795129427
1688178225
1855947825
1879016777
1719635134
1799324157
1814005468
1444920540
1893702172
1461698007
1786740918
1650428051
1820296883
1899994092
696239016
1140828452
132115715
1639943009
1797226944
1887410848
809491163
1866434010
1639942999
1742703925
1612679922
1881119471
1897896941
1874822475
1881119465
1855947880
1417657992
1474280743
893378502
1096788899
1652525436
1371519675
683656118
1874822320
1679789838
1717538126
1897896460
1874822310
1885313861
1744800993
1700761215
1509929695
1532997758
1879016668
597674172
1889508284
1686081368
1832879639
1495249461
1807712403
1082108754
979358066
1463794702
1547679502
1581233418
1860142569
1897896489
1769964093
1094691453
1715441017
1728023993
148890518
1302308564
1717538065
1845462705
1876919441
1893702543
1598010479
1879016619
1587525066
1784643850
1635748393
1700761089
1419755457
1826588605
826268252
1748992860
1876919483
1849656658
1692372913
1556068302
1558165422
1715440968
1644137091
1260363875
1379907906
845142306
1677691010
1709149856
1897896606
1467989245
673170329
1786741239
1769964274
1744800876
1767867083
1583330761
1488958249
1874822183
1868530884
1663010948
1788838146
1530900641
1405073438
1507832444
1868530939
1885314042
1499443962
1832879768
1780449717
1556068117
1881119667
1895799634
1868530929
1323279729
916446513
1577039440
1885314031
1847559599
1893702503
1767867109
1646234021
1379907971
1669302467
1646234018
1377810911
1797226718
1254072698
1633651349
597674066
1635748528
1881119694
1788838221
1872725068
1709149707
1321182568
1711246881
1858045281
1482666880
1765769948
1382005177
1742703672
1874822232
1551873944
1679790071
1329571031
1893702453
1816102869
977261010
1644136978
1264558254
1564456648
1688178535
1560262400
1398783837
1698662713
1600107351
1201646486
1052758709
1879016437
1400881009
1681885231
1822392461
358611276
824171787
1874822058
1881119754
1763673353
559926597
1883216932
1306501572
1421850785
675267615
1832878366
1748993053
1465891709
1688176828
423621914
1572843928
1755284663
1602204502
1853850192
1367326031
1690273934
1883216909
1610593226
1631554825
1369423270
1797228325
1790936708
1595912993
1520416478
1642040731
1648332409
1713343062
1526707894
1268754385
1371520492
1742703496
1184869063
1719634469
996136709
1885314052
1797228353
1598010206
1547677790
1484764188
809491547
1157605529
1428142457
1858044632
1587524338
1379909201
1834975533
1503639020
1897897324
1837072647
1115664127
1765770687
1669304317
1522513466
1707051310
1683982541
1895799913
1631554983
1239393606
1522513442
1744800608
1881119935
1478472892
1254073882
1530902421
1811908436
1803519955
1769965009
761250289
1788839471
589287340
1832878475
1491055723
1887411401
1755284520
1608495973
1876919140
1577038144
1769964991
1245685502
1625263133
1472183164
1847558875
1700759960
1788839507
1275045682
1285529680
1272948496
1879016237
1839169869
379583046
1488958564
1367326112
1879016224
767541597
1614777564
1373617462
1681885395
1310696179
1883217105
1860141613
1862238732
1765770698
1841267013
1843364063
1444920095
1830780955
1843364059
1050661787
1438628027
245359512
1455406007
1583330135
1879016182
1709148370
1843364050
1186966449
1564454953
1843364039
1574940867
1843364032
1795131359
1883217183
1656721308
1709148412
1579135802
1577038040
1646235448
1755284919
1721732020
1876919027
1759479282
1828684242
1830780977
1761576400
1872724652
1512027947
1621069226
1893703146
1784645480
943707398
1728023493
1872724645
1891605893
1893703071
1885314333
1725926301
1839169755
1583330072
1675595412
1633651732
1832878194
1671401170
1671401169
1879016112
1191160751
1858044909
1830781003
1455406059
1709148292
1860141955
1744800418
1709148289
1553969600
1858044894
1899994206
1096789051
205513047
1528804977
1520416751
1589621710
1887411469
1505735883
1692371371
1803519498
1828684166
1663012453
1639943365
1719634692
908057440
1019204032
1518319360
1583330266
1396686516
1377812368
1855947536
1728023407
1514125231
1826586948
1853850595
1532999419
1746896313
1767867641
1618972119
1780451254
1543485014
1296015508
1224713554
1732217489
1700759793
1514125198
1635749069
1874821645
1505735690
1124052806
1822392613
1398783717
1761576257
1728023359
1296015613
1195354877
1165994172
1639943291
1679788505
1654624084
1883217396
1262462707
763347122
1631554799
1860141836
1675595270
1583330181
1474279939
771735586
1610592802
1891605852
1449114556
1744800283
1774158939
1717537723
1342153242
1811908122
1811908116
689947891
1801422515
442496946
1233101970
1849656274
941610480
1786742670
1704953957
1157605635
1556066626
1736411778
1889509023
1786741886
1572844475
1788839067
1505736634
1681885754
1652526202
1843364826
1537193370
1713342489
1879015927
1581232182
1650429014
1811908085
1736411506
417330897
1774159792
18870032
1769965422
1499445068
1646234636
1660914922
1761576676
1763673859
1893703363
1897897729
444593248
1507833792
1210033727
1121955071
1893703423
1394588990
1830781755
1711246298
354417466
1327472952
1503639478
1891606162
1514124303
1233102670
1824490126
1730119980
1612680748
754959051
1784644715
1191160010
1893703402
1455405190
1830781734
1753187909
1545581091
1744800194
1830781728
1629458269
1763673949
1124052155
1660914875
1868529946
1881120342
1086303987
1516221455
1048563759
1522513133
1885314572
1509930921
1398783240
1551872552
1658817671
1285530310
1279238755
1891606242
1056952482
1476376989
1174383514
1545581178
1298113337
1451210773
1476376980
1275045267
996136242
1568650001
1780450416
1860141231
1562358636
1633652523
1855946986
1830781797
1820295684
1858044098
1801422303
203416216
1700760536
1725925462
1413462707
1879015794
1621069328
1358937709
1841267501
1822392843
1755285001
677365448
1642041160
1574941511
1784644806
1652526310
1828684386
1595912577
1883217569
1824490014
1866432923
1604301114
1463794072
1822392884
1405074707
1604301103
1881120431
1860141163
1887411914
1870627274
1488958984
1776256872
1419754024
1883217543
1377811677
1868530077
1579135195
1769965499
1753188027
1805616473
1830781913
1793033241
1453307989
1398783380
1891606131
1646234835
1476376881
1736411567
1421851246
1344257741
1692371467
1382005898
362806089
1761576486
1151314497
1356840448
803193088
1671400831
1593815071
1830781951
1883217630
1719634078
1855946878
1816101598
1591717943
1618972310
1673497938
1157605901
729793932
1725925420
1117760618
1864335849
1673497926
1419754086
1883217606
1337958723
1377811682
1769965183
1549775710
1725925853
1543484668
1583329628
1889509275
1843364569
1816101689
998233208
1063243862
1897897493
1786742131
1482667857
1551872881
1881120524
1556067244
1822393224
1417657189
1537193091
262135999
1778353886
1881120574
1876918521
1730119735
1258268118
1757382550
1583329653
1887412051
1897897519
1744799950
910153997
1765770761
1461696552
1818198885
1883217669
1394588706
1814004514
1495250465
1652526397
1260364889
1761576889
463467736
1698663030
1675594899
1444919634
998233133
1369423565
1633652235
1899994731
1744799912
1436531399
1874821345
1113566464
1761576864
1516221759
1191160221
1308598941
1220519898
1891606486
1788839413
1784644914
998233106
1606398158
1778353806
1793033645
1436531435
1832878663
1415559974
1535095809
1862238591
660588767
1881120670
1782547900
1541387351
1784645077
1891606323
1300210418
1239393874
1631555249
1629458061
1711245932
1000330250
1795130728
1767868104
1604300807
1897897607
1811907686
396359681
1436531261
1461696698
1780450745
1826587513
1480570775
924833971
1862238547
1822393138
1165994703
1748993935
1423948654
1157606222
1874821134
1845461580
1711245899
1853850059
1887412170
1371520522
1679788970
1732216969
1612681129
1711245896
1145023367
1686080454
1832878726
1618972613
1491056485
1553969956
662685888
1897897632
1858044286
1839170141
1604300892
1740605563
1642040856
1671400536
1885314967
1891606391
1254073719
1809810454
1847558614
1700760210
1107275310
1608495118
1572844140
1092595403
1335861321
1585426855
1709148679
1512027585
1887412126
1895800604
1642040888
1270850647
1723828567
1883217877
1178577364
23064243
1591718194
1090498321
1881120753
1879015439
1612681199
1488959307
1323278632
1369423464
1818198952
1879015431
1876918308
1715440066
1709151711
1893695710
1558162652
1608495065
1778358777
1772067224
1633653079
1876926423
1484761207
1138734038
1627361525
1889501328
1799330606
1769970029
1897890060
1415554122
1692374218
1769970025
1583328839
1862246114
1893695680
1679791166
1268759482
1709151737
1421845655
1493149910
920635122
1574940145
1717540465
1325383376
1881112620
1820302405
1512024609
1528802141
1499441435
1524607643
1713346137
1769969974
1805622227
1633653009
1560259760
1426039982
1763678540
1738512328
1226815812
538955903
1822399743
1520413438
1413456990
1367318810
1476372375
1677693842
1537190895
1715443277
1098887437
1639944647
1568648455
1832885572
1887404287
1591717471
1818205406
1325383291
1400873977
1449109208
1757386807
1262468021
1868537812
1532996557
1832885676
1728026218
1805622025
1881112712
1092596103
1730123655
1736415206
1660916325
1310703236
1042271873
1398776769
1772067131
1740609304
1717540600
1092596149
1449109236
1761581136
924829615
1168094509
1029688809
987744871
1679791271
1881112737
1308605761
1589620350
811581597
1795136058
1042271959
1497344502
1675596566
1736415154
1648333552
1725928975
1759483919
1623167086
1478469836
1398776715
1860148747
1660916265
1847566025
1851760264
1763678659
1744803618
1694471200
1897890303
1757386846
1700763068
1499441595
1759483962
1851760312
1769970071
1071632182
1736415126
968870229
1820302482
1373610289
1858051664
828359087
1853857417
1866440645
1784650403
1025494498
1495247328
1805622112
1616875870
1725929436
1784650586
1891598774
1432331349
1786747759
1853857639
1858052006
1398776389
1572842658
1595911743
1874828953
1826594296
864010839
1606397590
1621070262
1830788150
1675596532
484437489
1512024881
1702859851
1646236454
715119523
1512024865
1514122111
1778358463
1822399962
662689331
1830788177
1186969581
1876926092
1700762636
1124053928
838844582
1442817189
1887404322
1665110626
1476372130
1423943041
1782553441
1889501632
1709151421
1723832283
1849663322
1549774134
1635749909
1784650549
1734317620
733993683
1541384879
230685900
1539287756
1895793033
1673499337
1818205479
1558162852
1430234303
1883210175
614454549
1866440369
1235204111
1830788237
1866440364
1646236556
1639944234
1772066820
1799330463
1895792991
1428137150
1736414938
1893695865
1572842519
666883602
1522510609
1558162799
1855954735
1841273867
1788844843
1168094251
1671402027
1000327721
1868537575
452979526
1302314021
1512024997
901760002
1832885501
683661693
1828691259
1723832179
1855954771
1790942067
1769969842
1885307282
1556065646
1868537485
731896393
1799330536
1830788294
1832885472
1138733631
1029688505
1755289975
1730123511
1887404431
1767872686
1298119853
1656722252
1235204203
1744803335
1568648321
1675596320
1858051263
1577037813
1709152210
1337965999
1864342797
1709152203
1342160363
1862245610
1107276778
1275050474
1598008618
144702089
1751095878
918537379
1612681728
1883210267
1887404631
1786746964
1765776148
1520412852
1778359250
1763679024
1006619085
1377804331
1509927881
1728025800
1023397574
1260370212
1858051200
1453303006
1432332059
1728025786
1761581754
1447011450
956287672
1136636406
1168095189
729798962
1528801618
914342960
1897890639
704633775
1365222158
1879023021
1843371916
1646235724
1811913132
1728025769
1874828776
937411975
1876925831
1874828773
1589619941
1272953218
1889501889
1583328256
1696569210
1807718874
1883210328
1897890680
1644139411
1707055058
1560260242
1858051282
1423943344
1639945167
1365222187
1679791719
1287634630
1426040452
1851759651
1818205919
1715442879
1392484479
807387804
1189065819
1876925786
1415554777
1543481718
1899987891
1883210418
1474274641
1683986128
1512024207
1193260431
1881113229
1033883398
1721734150
1895793251
1312799906
1763679164
1872731451
1681888922
1059048889
1665110423
1881113270
1788844085
1600105973
1428137906
1891598864
1553968687
1319091246
1759484525
1679791788
985647115
1413457544
1484761798
1723831301
1606397189
1591716963
1692374627
1683986147
1579134114
1822400032
1528801696
1390387228
1090499130
1426040376
1876925720
1805621591
1369416534
1876925716
1572843380
970967827
1887404722
1847565519
1642042118
1849662691
1874828639
1520412797
1658818620
1885307579
1881113338
1449108666
1811912984
1887404694
1723831378
1367319441
1388290124
1774164812
1239399209
1652527239
1767873440
1811912952
1488956339
1713345808
1549774672
1396678698
1795135977
1881113353
1572843177
784326055
1205843141
580899203
1648333087
1675596029
1790941587
1182774611
1809815794
1874828433
1247787373
1851759980
1556066187
1526704587
912246119
1772067492
1650430239
1858051580
687856572
1239399068
534768795
1520413146
1652527412
1621070803
1876925577
1522510311
1507830406
1868536837
1646235971
1377804609
1568648734
1478470525
1335868669
1782552921
1428137592
1715443024
1832885837
1390387627
1633653288
1841274567
1679791974
1778358918
1721734625
195033119
1872731166
1746901916
1625264988
1860148570
1874828345
1797232791
1560260468
1379901874
1891599150
996133069
1512024460
1736414442
815776522
1876925514
1746901893
1801427141
1753193443
1660916063
1478470589
840942012
1769970396
1834983164
1858051354
1163900666
1631556247
1874828310
1088402287
1887405004
1711248971
1543481419
1897890475
1610591303
1545580450
1709151775
1883210751
1851760031
1839177307
1893696282
1059048664
1512024533
1532995733
1453303122
1405067374
1899987688
1805621317
1652527525
1679792124
1019203420
1610591257
987744568
1463788759
1721734518
1413457877
740286452
1658818867
1765776082
1411360752
1862245642
1635750537
1476371465
1761581832
1736414344
1377804775
1587522918
1470080097
1881113568
1690276030
1899988285
1602202493
1396680507
1780456987
1696567576
1887405172
1765776691
1820301424
1738511243
1681887275
1532997450
1608494020
1581230624
1419747517
1774165402
1090499802
1828690136
1593813719
1627362515
1870633806
1881113646
1470079916
1541386220
1562356011
1879022535
1396680455
1874828166
933217188
1075819554
1396680448
1885308000
1761582269
1797234520
1832884597
1746902097
1822398669
1566550285
1704956364
1415553035
1832884582
1316993574
882884806
1725928069
1862245028
1897891137
1606396897
1692373121
1862245024
1321188062
1683984445
1579133565
1549772859
1876925369
1816107097
1463788373
1782554197
1050659571
1795137164
1168093675
1488956619
1761582218
1876925349
1612682339
1648334401
1600105248
991940511
1499442653
1868536797
1161802173
1583327964
1499442652
1864342425
1717539545
1633654232
1545578648
1826592855
1520414228
1725928016
1604299535
1514122925
1050659333
1728025186
1793039938
1304410402
1614779554
1832884641
1786748639
1763679677
767547675
1879022427
1885308155
1061145498
1879022425
1488956440
1767874032
1652528847
1646237358
1231011309
910148237
1671403309
1818204397
1876925292
830457292
612356297
1119860228
1736414148
1690275964
1839176028
1604299612
1858050684
1298119067
308274841
1113568916
1763679697
1476371244
1897891276
1899988459
1874828137
1553967177
1845467431
1524608516
1887405220
1553967171
1782554337
874496193
1201648505
1881113849
1717539512
1444913907
1354736723
1163899313
1532997552
1658820141
864012172
1453302375
1832884679
1876925222
1625265189
1585425028
1591716387
1879022322
1755291025
1606396590
1700761678
593483341
1453302667
1709150411
1453302666
1885308234
1478470921
1155510729
1212136742
1671403140
1799331362
1788846012
1220525467
778034036
1767873650
1719636816
1893697008
1887405391
1633653871
1799331340
1822398891
1786748745
1610590921
1736413768
1874827910
1679790373
1887405380
1834981476
1778359492
1394583075
1321188226
394256958
1491053979
1862245307
1897890906
1486859735
1581230963
1688179153
977260392
1843370116
1451205412
618647939
1100985599
1602202141
778033979
375382843
1342159510
1797234292
1870633492
1713345396
1667208752
1788846063
1245691726
1453302766
1818204461
1520414700
1348445484
713023244
1486859755
1899988042
1440719015
1809817254
1881113953
1398777377
1893696861
666882618
1872730648
287302806
1562355861
1623168308
1658820435
1537191441
1870633713
1778359408
1545578895
1379903405
1377806219
1887405545
1438621737
1377806215
1788845830
1700761796
1067436547
1386194690
1837078754
1530900126
1373611133
1872730684
1837078746
1893696890
1767873785
1474273912
1669306069
1818204661
1367319763
1876925039
1801428717
1803525836
1495248043
1879022153
1159704745
1486859558
1520414501
1560258885
1858050820
1325382467
1660917568
1876925024
1516220319
1767873695
1558161695
1753193914
1809817113
1837078710
1547676148
1633653908
1436524623
1887405486
1591716616
1434427560
824165574
750770533
1337965155
1763679427
746576291
1895793955
1595910849
1084208448
1694470431
1738510975
1660917534
1761582365
830456988
1367319707
1881114105
1476370964
1621071220
1788845938
1801428657
1312799697
1486859632
1342159375
1612682734
1518317452
1772067946
113242952
1642042404
1157607680
1881114139
1755291289
1598007605
1734316372
1700762449
1558162128
1184870539
1428136714
1709151175
1407165894
1493151462
855622885
1113568322
1574939584
1866438943
1314895999
1683985022
1851758717
989842652
1568648028
1862244569
1369417655
1686082132
1803525454
1350542925
1067436460
547346089
1899988744
1755291303
1782553604
1899988740
1560259267
1736413502
1633654558
1849661566
1841273853
1103083517
1480568443
1805622747
1614780026
1843370903
1602201910
1283439157
455077203
1518316595
1830787919
1776263052
1868536074
1277147721
1876924809
1734316296
1889502919
1486859974
1681887845
1874827749
1631557476
1499442948
1744802211
1660916899
1512025154
713022496
1757388509
1891600092
1721733371
1885308473
1663014264
1834982200
1518316566
1285536499
1275051405
1577036685
704634763
1755291371
998231307
1885308455
1704956902
1528802660
1442816891
1216331515
1744802170
1885308632
897565685
1805622544
1459593327
991939983
1518316782
1809816910
1612682893
1612682888
1837079528
1790942242
1881114241
1157608032
1879021920
1627362911
1256176765
1254079512
1761582678
1610590548
597677363
1887405776
847234254
1780456620
1765777288
1881114279
1595910563
1556064771
1205842274
1656722433
1512025248
1298119572
1390388243
1103083378
1639946097
1841273712
1486859854
1507831564
547345989
1633654661
1593813024
1505734495
1121956923
1803525531
1189064759
1675597110
1849661647
1820301963
1790942283
855622667
977259721
1610590467
1883211458
1832885185
1767874465
295692129
1801428384
1486860189
1484763003
1698665019
1702859377
1809816784
1755291535
1843370701
1564453421
1717539145
1512025344
1610590431
1539288223
1644140252
1400874070
1400874069
1509928660
1612683058
1828690892
1832884744
1709150952
1860147686
1883211525
1801428069
1165996610
1587521953
1782553982
1860147612
1885308698
1681888118
1656722933
1488957428
1784651024
1740607724
1876924556
1860147593
1717539081
1730121800
1423942531
1876924545
1520414145
1824496608
1746902909
1671402747
1623168985
847234322
1321187790
1765776973
1646237037
1746902892
1497345612
1828690828
1717539115
1885308715
1874827464
702537384
1484762886
1501539843
1767874083
1524608419
1740607681
828360409
1778359929
1851759063
1572842037
1648334261
912245204
1606395950
153091724
1707053612
1310701962
1899988644
1423942467
1348446147
1583327683
616551202
1834982081
1765777055
742382495
1700762363
1876924537
1530899607
1841273362
1805622321
1799330959
759159438
1834982125
1233108684
1591716201
1887406022
1711247941
1522511106
1023396667
1304410742
1895794484
1541385235
1855953230
1763679948
1558162188
1736413351
1558162182
1847564737
1650431361
1721733500
983551348
1245691347
778033580
1589619020
983551335
1398776997
1660916997
1755291493
1876924450
1860147490
1161802434
1308604929
1816107968
1868535644
1879021559
1816106038
1719639667
1828689137
411033713
1759482064
1885309001
985645736
1275048935
1772065158
1329575717
1635752292
1807717284
1635752291
1765773601
1858049696
641719836
710922876
1834980730
947896409
1782551065
1879021520
1453305520
1526702800
1864341291
1874827146
1532994409
1121958632
1268757413
1623169156
1409264578
1881114657
547346653
1803522875
742380667
1769967928
1080014872
1532994326
1117764309
1717542421
1394584396
1874827243
1694473385
1891600613
1807717347
1270854626
1837077792
1885308986
1671404534
1881114742
1784648246
159379733
1876924339
1625266353
1495245167
1321187023
1809814440
1730125669
1730125667
1560257666
1751093281
1738514205
1650432727
1497342388
1356834899
1491050577
828361168
1858049582
1811911534
1637849352
1883211937
1814009022
1396681627
868207385
1612683442
1728028242
1818203378
1499439599
1811911503
1413459086
1692376169
1887406278
1683987685
1830786466
675270785
1189068385
1673501567
1635752379
1126153173
1853855413
1883212009
1799328744
1082112167
1824494693
1784648323
1849661153
1159708096
1656724063
1725931071
1417653406
1136638812
1709153596
1845466392
1811911448
1885309111
1885309110
1591715378
1700765106
1484759182
1474277164
989839883
1660918282
1864341482
1581229763
1591715362
1881114908
1887406453
1478467857
1855952781
1702861928
1633654852
1671404160
1027589150
1830786108
1180680054
1356835317
1415556468
1413459218
1763676207
1558160876
1558160875
1138735850
1591715816
1881114920
1721737127
1732222470
1757385092
1323284451
1769967680
1797231198
1419750877
1790940155
1801425433
1881114967
1868535319
1692376468
1331672594
1692376466
1591715729
1799328369
1897891920
1067435726
1409264302
1803522604
1870632485
1736416794
1163902009
1400875541
696242194
1799328336
1883212103
1637849318
1600103972
1728028547
1665112643
857721442
1776259232
1786745855
1816106430
1453305629
392163036
1864341148
1738513947
1700764889
1837077749
1539285557
1790939957
1883212207
1719640046
1822397709
1633654988
1512022924
1862244203
1881115014
1373612101
18872451
1784648642
1434430684
532669980
1843369083
1673501207
1881115062
1855952692
1570743348
1681890706
1593812816
1233105100
1879021132
899664938
1855952682
1604298280
1876924008
169866152
1182777283
1545577891
1746899361
1415556502
1423944977
1774162033
1719639982
1321187177
534767113
1302312004
1547675107
1627363617
1394584256
1652530080
1100986495
1623169374
1625266493
1788842876
1499439291
1514120152
704630808
1503633526
1723834195
1755287922
1512023024
1809814051
1679793633
1899989184
1862243583
1725930717
1233105786
1337963962
1876923865
1463790903
1843369939
656399634
1887406700
914345067
1549772361
1883212328
1509925864
1885309511
1669306727
1885309508
528475492
1755288195
729796962
1532993858
1581229088
727699835
1870632281
1709154295
1715444759
1323283692
1721736362
1891601033
1778357193
1476373958
1084209887
1702862649
1572841465
1363127158
1707057141
1883212404
964674353
1275048367
1864340812
1692376715
1153416938
1692376713
1591714950
1671403972
1839175620
1354738403
1551869470
1335866876
1855952120
1816106583
1755288310
1832884054
1700765493
1765774165
1751093813
1163902773
104856660
1723833556
1600103731
1725930675
1707057107
1088404144
1826592430
1805619691
1830786916
1463791036
1895795324
1879020922
1151319575
1876923735
1673500979
1610589554
1488953899
1721736202
1885309638
1325380702
1660917854
1860146301
1805619515
1746899643
1876923770
1839175482
1176485045
964674515
1799328145
1866438021
1824495107
1830786978
1860146273
1193262557
1124055098
1711251255
1858049143
1751093910
1618975405
1891601005
1321186413
1881115341
1457499148
1839175491
1711251224
1350544022
1885309622
1285535350
1507828533
1765774293
1862243347
1899989970
1545578221
1447013581
1639947084
1658820652
1732222410
1761579530
1776259881
1581229257
1623169609
1709154089
1822398056
1379903688
1583326375
1677695237
1694473730
1864340961
1700765600
1499439711
1612684060
1876923612
1296021048
1553966999
576706901
1528799252
1893698516
1837078130
465559725
1566549581
1669306476
1841272492
1887406954
1692377033
1744805094
1400875101
1761579997
1222620156
1883212572
1266659419
1889504185
964674132
1602200659
1610589392
1883212560
1799327759
1608492270
1314895208
1155514343
1625267173
1709154018
1862243777
1442819776
1174388414
1574938268
1532993564
1574938267
1639946999
1738513622
1516216591
1235202761
1746899782
1658820993
1545578365
1537188093
1715445083
1486857209
1805619444
1761579918
1165999629
1530896461
1300215304
1719639304
1700765221
528475138
1692376992
1161805502
1354738494
1843369565
1763676828
1606394935
1753191414
1692376914
977256881
1377806736
1822398223
1872729100
1809813579
1556064040
1809813573
1551869923
1509925472
1868535039
1442819679
1843369596
912248313
1398778105
738185303
1761579862
838847062
1589617936
1642044011
1736416457
1514119560
1738513448
1805619238
1820301254
1769968321
1237299839
1883212796
1839175259
1124055353
247461239
1719639476
1231008404
1281341329
1105181201
1822398288
1591715088
1761579824
1874826344
1780453828
1790939491
1851757953
1390389567
429908606
1608492091
1858049368
1545578488
1669306518
1266659477
1784648116
1876923442
1895795473
778032560
1828689680
1398778029
1845466635
1382001066
1300215434
1778356745
1732222153
1121958184
1287632711
1719639429
1847563748
1832883908
1694473988
1870631805
1495246106
1423943897
1759483097
1709152727
1858048695
1512023565
1755288715
1673502627
1245689378
1547673633
1499440449
1509926367
1585422943
1658822398
1891601566
1683986556
1648336408
1520412344
1765774616
1767871862
1883212822
1876923380
1377807923
1767871853
1866437388
1711249868
704632268
1306505706
1818202217
1667211113
1602200391
1841271175
1312797189
1788843684
1862243009
1354738816
1832882555
1474276247
1879020469
1560256690
1124056749
1149220908
1874826219
1165998378
1876923264
1331671871
1862242972
1702861079
1298116918
1537189874
1556062417
1463790413
1811912586
1887407112
1858048709
1822396644
983549668
1885309987
1646239331
1885309985
1308602752
1897893216
1486857247
1855951390
1606394685
1436526876
788517499
1369419032
1673502517
1675599698
1866437554
975160976
1285533705
1700764103
1484760295
1644141926
1516218053
1885310146
1811912539
1881115832
1702861264
1683986668
1728027211
1879020363
1881115818
1814007978
1623170057
1879020360
1759482981
1816105092
1103084801
1486857249
499114366
1147123870
1855951450
1788843602
1631559154
1885310090
1461693382
1832882660
1679792322
1725929984
1440721152
1128251359
1530898395
1497343450
1883213016
1656725079
1486857333
245363316
1820299407
1899990479
1621073006
1830785517
1834979751
1847562983
801100614
1897893348
1610588932
1876923169
780129151
1549771101
1713347357
1734318682
1189067737
1342157560
752865752
1472178871
1717541719
1864339990
1885310292
1841270961
1864339983
1885310284
1610588907
1753191787
1455401899
1648336682
1696569354
1648336681
1786746729
1879020263
1717541699
1767871554
1843368128
1847563070
1755289019
1646239546
1782552344
1876923127
469755606
1876923120
809487630
759156749
1314894700
1298116713
1484760386
1883213056
1807718016
1866437120
1411361117
1774163195
1853854523
1866437240
1820299575
1887407415
1411361110
1134542549
1266660917
1304408306
1889504720
1390391184
1656725487
1558159757
1566547978
1572839657
1308602534
1675599492
895469569
1319089088
893372512
1879020190
1268758269
1782552406
247460818
1828688273
1786746635
1138736809
1805620967
1528800870
1646239586
692048961
1547673920
1757386046
1700763869
1803523836
1658822491
1342157435
1218426137
1851757528
1694472563
1769968878
18873481
861916870
1660919654
1532995269
1899990181
1119862562
1398779586
1845465184
1717541824
1197456125
1725930365
1858048792
1560256855
1730124470
1832882321
1189067630
1379905421
1837076685
1839173670
1247786977
1853854654
1532995229
1639947389
1369418837
1702860979
1648336882
1520412497
1545576912
1876922896
1560256815
1732221679
1377808326
1629461702
1344253379
1618976163
1520412482
1382002562
1405070941
1740610139
1579131898
1155512632
1738513014
947897748
1482663348
1671405172
1520412531
1864340209
1897893105
1419749743
1746900463
1499440294
1287631174
1883213253
1635753090
1421846849
1828688129
1858048832
1585423232
1618976382
1757386430
1541383645
1646238749
1671404956
1681889851
1052754103
1862242550
1570743190
1824494260
1862242547
1786745967
1692375757
1589616812
1879020009
1692375752
1568645992
1688181383
1885310533
1319088261
1367322467
1694472930
1879019999
1834980221
1858048154
1488955033
1478469175
1897893685
1134542258
1751094896
1658821872
1763677998
1786745929
1482663529
1883213316
1625267938
1885310495
1266660670
1818202653
1417652797
1851756571
1591713942
1788843220
1765775219
1488955122
1858048240
1874825712
1602199853
1482663435
1830785867
1161804645
1201650113
1816105568
1499440956
1853853722
1646238842
1881116282
1847562360
1681889878
899664886
1616879157
1883213397
1828688532
1568645905
1740609999
1847562344
1612684904
1195358535
1612684902
1262466372
1780454499
1811912064
1491052125
1595908507
1704958746
1180678361
1614782127
1652530414
1851756750
914344172
1602200042
1830785929
1826591302
1876922693
1885310660
1696570303
1805620543
1897893823
1591713918
1476372830
1086307869
1839174457
1885310713
1790940184
1717541111
1562354614
1767872501
1396682128
1629462446
1516217578
1769969608
1627364935
1826591334
1558159970
1788843041
1520411681
1748997760
1396682112
830459840
1648336120
1830786008
1442818869
1268757843
1291825712
1283437229
849333321
1654627401
1646238920
1801426311
1537189191
1128250850
1587519553
1782551777
1616879292
1591713851
1488954968
1692375606
1467984273
1650433200
1755289199
1704958830
1793037356
1589616715
1801426346
1377807594
1480566474
1891601990
1897893860
1899990979
1876922658
1654627426
1390390304
1780454624
1342157051
1656724922
1887407990
1885310806
1532994643
1786746225
1522509232
1121959375
1472178349
1860145612
1671404681
1275049192
633330342
1755289473
1621073792
1105182462
847236446
1631559198
1728027101
1633656438
1830785589
1692376053
1488955282
1369419441
1109376303
1709153007
1107279566
1329573900
1168095916
702535403
989840840
1556063110
1681890053
1335865506
1558160287
1893699485
1367322172
1832882809
1828688822
1189067155
1589617136
1541383312
1864339534
1593811372
1681890150
964675098
868207833
1895796631
1849659735
1358933911
1642045111
1428138613
1660919187
1312797003
1799328842
1369419495
1405070533
1772066529
1308603008
1769969152
1277146009
1572839991
1499440852
1885310931
1790940466
1897893521
1711250032
1736415472
1824494381
1556063019
1333768425
1883213735
964675302
1761580900
945801156
1744803939
1858048289
1631559327
1524606332
1648336279
1254077714
1698667154
1612685231
1673501711
1335865390
1849659785
1023394633
1384099271
1711249991
1543480385
1648336257
1507829345
1587519777
1289728792
1543480375
1828688694
1639947888
1883213803
1631559403
1541383178
1314894217
1704958534
1709152774
924829889
1568645791
1514120670
1656724829
1486858107
1558160186
1094696665
1690278741
1266660500
1809814579
1841271378
1549771694
1807717451
1155513128
1887408008
979355046
559931045
1549771685
1887408003
1451207043
1610588162
216003362
